crsuse2-m2m-138 -> crsuse2-m2m-136
hca              mac        data      inside         ack       ackto        retx         nak         dup       pause
ionic_0        15041       14437         904           0           2       14439           2           0           0
ionic_1        16266       15645         885           0           2       15647           2           0           0
ionic_2        18580       18106        1034           0           2       18109           3           0           0
ionic_3        15860       15273         921           1           2       15275           2           0           0
ionic_4        14269       15249        2455           0          19       17462           4        2209           0
ionic_5        15552       16468        2419           0          36       22750           4        6278           0
ionic_6        16020       15423         912           0           2       15425           2           0           0
ionic_7        14070       13503         946           0           6       13507           2           2           0
total         125658      124104       10476           1          71      132614          21        8489           0
